1 0 0 0 0 0 0 0 0 !on (1)|off(0) flags for elev, air pressure, windx, windy, T, S, u, v, w
20
   1  20.05  57.30  -1.0
   2  13.85  54.88  -1.0
   3  18.78  59.34  -1.0
   4  6.33  55.0  -1.0
   5  7.895  54.185  -1.0
   6  -4.500  48.383  -1.0
   7  -9.170  51.501  -1.0
   8  8.720  53.870  -1.0
   9  11.800  57.683  -1.0
   10  -1.128  60.109  -1.0
   11  -7.330  55.370  -1.0
   12  5.117  61.933  -1.0
   13  -5.510  50.100  -1.0
   14  7.567  58.000  -1.0
   15  5.277  60.409  -1.0
   16  1.781  52.473  -1.0
   17  -6.316  49.918  -1.0
   18  -3.047  58.432  -1.0
   19  7.883  54.167  -1.0
   20  -2.050  57.162  -1.0
