           1
          11
          1          1      -1.000000      -0.872635      -0.680748      -0.531670      -0.413664      -0.318103      -0.238597      -0.170355      -0.109707      -0.053739       0.000000
          2          1      -1.000000      -0.872635      -0.680748      -0.531670      -0.413664      -0.318103      -0.238597      -0.170355      -0.109707      -0.053739       0.000000
          3          1      -1.000000      -0.872635      -0.680748      -0.531670      -0.413664      -0.318103      -0.238597      -0.170355      -0.109707      -0.053739       0.000000
          4          1      -1.000000      -0.872635      -0.680748      -0.531670      -0.413664      -0.318103      -0.238597      -0.170355      -0.109707      -0.053739       0.000000
          5          1      -1.000000      -0.887966      -0.696133      -0.546409      -0.427194      -0.329978      -0.248472      -0.177971      -0.114882      -0.056355       0.000000
          6          1      -1.000000      -0.931769      -0.740090      -0.588522      -0.465852      -0.363907      -0.276686      -0.199733      -0.129668      -0.063829       0.000000
          7          2      -1.000000      -0.867269      -0.699102      -0.560935      -0.443755      -0.341145      -0.248488      -0.162388      -0.080259       0.000000
          8          5      -1.000000      -0.921744      -0.729321      -0.543059      -0.360413      -0.179764       0.000000
          9          6      -1.000000      -0.752000      -0.528000      -0.328000      -0.152000       0.000000
         10          6      -1.000000      -0.752000      -0.528000      -0.328000      -0.152000       0.000000
         11          6      -1.000000      -0.752000      -0.528000      -0.328000      -0.152000       0.000000
         12          6      -1.000000      -0.752000      -0.528000      -0.328000      -0.152000       0.000000
         13          1      -1.000000      -0.872635      -0.680748      -0.531670      -0.413664      -0.318103      -0.238597      -0.170355      -0.109707      -0.053739       0.000000
         14          1      -1.000000      -0.872635      -0.680748      -0.531670      -0.413664      -0.318103      -0.238597      -0.170355      -0.109707      -0.053739       0.000000
         15          1      -1.000000      -0.872635      -0.680748      -0.531670      -0.413664      -0.318103      -0.238597      -0.170355      -0.109707      -0.053739       0.000000
         16          1      -1.000000      -0.872635      -0.680748      -0.531670      -0.413664      -0.318103      -0.238597      -0.170355      -0.109707      -0.053739       0.000000
         17          1      -1.000000      -0.907129      -0.715364      -0.564833      -0.444107      -0.344822      -0.260815      -0.187492      -0.121351      -0.059625       0.000000
         18          1      -1.000000      -0.964621      -0.773057      -0.620106      -0.494846      -0.389353      -0.297846      -0.216054      -0.140757      -0.069435       0.000000
         19          4      -1.000000      -0.794773      -0.625872      -0.480445      -0.350023      -0.228929      -0.113231       0.000000
         20          6      -1.000000      -0.752000      -0.528000      -0.328000      -0.152000       0.000000
         21          6      -1.000000      -0.752000      -0.528000      -0.328000      -0.152000       0.000000
         22          6      -1.000000      -0.752000      -0.528000      -0.328000      -0.152000       0.000000
         23          6      -1.000000      -0.752000      -0.528000      -0.328000      -0.152000       0.000000
         24          1      -1.000000      -0.872635      -0.680748      -0.531670      -0.413664      -0.318103      -0.238597      -0.170355      -0.109707      -0.053739       0.000000
         25          1      -1.000000      -0.872635      -0.680748      -0.531670      -0.413664      -0.318103      -0.238597      -0.170355      -0.109707      -0.053739       0.000000
         26          1      -1.000000      -0.872635      -0.680748      -0.531670      -0.413664      -0.318103      -0.238597      -0.170355      -0.109707      -0.053739       0.000000
         27          1      -1.000000      -0.872635      -0.680748      -0.531670      -0.413664      -0.318103      -0.238597      -0.170355      -0.109707      -0.053739       0.000000
         28          1      -1.000000      -0.907129      -0.715364      -0.564833      -0.444107      -0.344822      -0.260815      -0.187492      -0.121351      -0.059625       0.000000
         29          1      -1.000000      -0.964621      -0.773057      -0.620106      -0.494846      -0.389353      -0.297846      -0.216054      -0.140757      -0.069435       0.000000
         30          4      -1.000000      -0.794773      -0.625872      -0.480445      -0.350023      -0.228929      -0.113231       0.000000
         31          6      -1.000000      -0.752000      -0.528000      -0.328000      -0.152000       0.000000
         32          6      -1.000000      -0.752000      -0.528000      -0.328000      -0.152000       0.000000
         33          6      -1.000000      -0.752000      -0.528000      -0.328000      -0.152000       0.000000
         34          6      -1.000000      -0.752000      -0.528000      -0.328000      -0.152000       0.000000
